
strategic_region={
	id=39
	name="STRATEGICREGION_39"
	provinces={
		331 563 1171 1880 2004 2156 2678 2807 4641 4869 4985 4986 5278 5353 5530 5541 5858 6129 6178 6316 6635 6932 7119 7284 8002 8121 8399 8686 8845 9400 9505 9836 9881 10074 10139 10165 10282 11275 11279 11345 11379 11399 11423 11434 11442 11455 11456 11457 11466 11470 11471 11475 11487 11488 11502 11503 11504 11509 11516 11520 11521 11526 11534 11535 11536 11541 11548 11549 11560 11562 11567 11568 11582 11603 11616 11617 11659 
	}
	weather={
	}
}
