
strategic_region={
	id=40
	name="STRATEGICREGION_40"
	provinces={
		192 284 352 730 864 1112 1265 1998 2771 3829 4278 4816 4949 4968 5113 5568 5763 5787 6215 6683 6726 6961 7106 7158 7170 7344 7392 7514 7649 7814 7846 7858 8167 8266 8939 8989 9364 9387 9399 9573 9582 10925 11001 11051 11080 11084 11095 11096 11098 11107 11108 11118 11126 11133 11135 11140 11147 11157 11162 11164 11179 11180 11181 11182 11191 11197 11209 11210 11213 11228 11236 11245 11256 11272 11278 11298 11299 11304 11309 11324 11339 11340 11359 11386 11390 11418 
	}
	weather={
	}
}
