
strategic_region={
	id=49
	name="STRATEGICREGION_49"
	provinces={
		136 163 811 821 1196 1516 1562 1571 1935 1936 1984 2187 2349 2746 2827 2917 2961 3279 3450 3642 4193 4432 4644 4709 4779 4850 4903 4951 5154 5277 5328 5504 5677 5693 5762 5864 6116 6244 6259 6285 6317 6384 6415 6471 6486 6707 6783 6850 6866 7006 7149 7154 7188 7307 7338 8638 8758 8815 9179 9402 9618 9826 10044 10274 11612 11620 11624 11656 11662 11669 11670 11689 11699 11705 11712 11721 11734 11758 11760 11761 11767 11768 11777 11791 11798 11805 11809 11816 11821 11822 11847 11851 11854 11863 11864 11867 11874 11904 11905 11961 11975 12031 12050 12055 12070 12103 
	}
	weather={
	}
}
