
strategic_region={
	id=50
	name="STRATEGICREGION_50"
	provinces={
		173 276 450 628 800 946 962 1040 1590 2736 2848 3056 3239 3248 3264 3299 3316 3328 3421 3554 3819 3843 4072 4194 4258 4444 4477 4525 4596 4808 4844 4886 4993 5052 5152 5180 5459 5536 5632 6041 6204 6206 6293 6329 6495 6737 6996 6998 7173 7330 7459 7507 7666 7741 7769 7898 7899 7980 7991 8246 8402 8412 8444 8569 8704 8908 9052 9294 9333 9734 9741 9858 9910 10051 11040 11099 11121 11187 11200 11201 11214 11220 11240 11251 11263 11264 11290 11291 11318 11331 11332 11333 11353 11367 11391 11401 11407 11419 11424 11429 11435 11444 11450 11458 11468 11476 11483 11489 11496 11499 11505 11522 11532 11537 11543 11550 11552 11575 11585 11608 11628 
	}
	weather={
	}
}
