
strategic_region={
	id=51
	name="STRATEGICREGION_51"
	provinces={
		270 372 1691 1913 2027 2133 2319 2377 2389 2661 2784 3154 3175 3176 3202 3253 3382 3456 3511 3820 3905 4092 4119 4131 4262 4265 4416 4421 4460 4692 4866 4956 5205 5292 5339 5515 6247 6324 6547 6568 6588 6590 6610 6744 7142 7165 7292 7451 7540 7680 7694 7713 7950 8280 8469 8564 8848 9388 9454 9557 10034 10180 10745 10770 10787 10790 10796 10798 10816 10824 10830 10833 10849 10857 10859 10863 10865 10875 10878 10887 10892 10895 10898 10941 10945 10946 10993 10994 10999 11006 11014 11029 11041 11052 11078 11085 11091 11127 11128 11148 11149 11153 11158 11163 11211 11230 
	}
	weather={
	}
}
