
strategic_region={
	id=52
	name="STRATEGICREGION_52"
	provinces={
		37 46 417 489 915 1349 1668 1916 2293 2310 2554 2787 2839 2937 2938 3033 3530 3572 3664 4089 4179 4226 4635 4639 4954 4974 5247 5303 5431 5562 5806 5904 6263 6306 6389 6540 6564 6671 6823 7208 7779 7879 7883 7900 8023 8129 8192 8405 8517 9160 9194 9518 9751 9823 9855 9880 10039 10209 10222 10287 12194 12236 12251 12275 12286 12287 12310 12311 12329 12341 12345 12349 12368 12372 12382 12383 12384 12396 12402 12430 12449 12479 12484 12488 12489 12490 12519 12520 12525 12533 12537 12549 12555 12569 12577 12586 12593 12601 12618 12620 12629 12632 12640 12648 12652 12679 12680 12696 12718 12732 12733 
	}
	weather={
	}
}
