
strategic_region={
	id=53
	name="STRATEGICREGION_53"
	provinces={
		179 602 611 693 987 1308 1506 1578 1693 2537 2735 3520 3640 3789 4184 4223 4244 4744 4916 5014 5054 5226 5563 5761 6203 6211 6603 6745 7009 7071 7086 7349 7398 7675 7676 7752 8019 8051 8142 8433 8437 8515 8521 8889 9119 9353 9424 9429 9439 9681 9839 10098 11881 11882 11907 11925 11945 11949 11955 11960 11973 11986 11987 12002 12012 12017 12032 12038 12039 12046 12051 12052 12082 12087 12090 12104 12106 12115 12116 12128 12131 12168 12169 12176 12218 12265 12278 
	}
	weather={
	}
}
