
strategic_region={
	id=60
	name="STRATEGICREGION_60"
	provinces={
		808 1311 1507 1807 2129 2376 2453 2717 3528 4042 4148 4241 4320 4409 4431 4789 4919 5142 5329 5874 5955 6088 6344 6421 6481 6499 6604 6661 6921 6956 7050 7453 7737 7804 7901 8091 8520 8600 8641 8643 9048 9171 9523 9581 9584 9673 9675 9694 9993 10008 10053 10054 12477 12487 12542 12554 12576 12588 12612 12613 12656 12671 12672 12691 12713 12762 12772 12858 12859 12860 12873 12888 12901 12907 12913 12943 12951 12952 12989 13006 13042 13070 13120 
	}
	weather={
	}
}
